0000000000010000
0000000000000000
0000000100000000
0000000000000000
0000000000000000
0000000000000000
0000000000000000
0000000000000000
0000000000000000
0000000000000000
0000000000000000
0000000000000000
0000000000000000
0000000000000000
0000000000000000
0000000000000000
0011001000000000
0011001100000000
0011010000000000
1011000100000000
0000000000000101
1011000000000000
0000001000000001
1011011000000000
0000001000000000
1000000100000000
1000001000000000
1000100100000000
1000101000000000
1001101011000000
1001100100000000
1001001100000000
1001010011000000
