0000000000010000
0000000000000000
0000000100000000
0000000000000000
0000000000000000
0000000000000000
0000000000000000
0000000000000000
0000000000000000
0000000000000000
0000000000000000
0000000000000000
0000000000000000
0000000000000000
0000000000000000
0000000000000000
0011001000000000
0011001100000000
0011010000000000
1011000100000000
0000000000000101
1011000000000000
0000000011001001
1011001100000000
0000000011001000
1000000100000000
1000001000000000
1000100100000000
1000101000000000
1001101001100000
1001100100000000
1001001100000000
1001010001100000
