0000000000010000
0000000000000000
0000000100000000
0000000000000000
0000000000000000
0000000000000000
0000000000000000
0000000000000000
0000000000000000
0000000000000000
0000000000000000
0000000000000000
0000000000000000
0000000000000000
0000000000000000
0000000000000000
0011000100000000
0011001000000000
0011001100000000
0011010000000000
0100010101100000
0110010000100000
0110110010100000
0101010001100000
0101100000000000
0111001000000000
0000000000000010
0111101000000000
0000000000000011
0110001101000000
