0000000000010000
0000000000000000
0000000100000000
0000000000000000
0000000000000000
0000000000000000
0000000000000000
0000000000000000
0000000000000000
0000000000000000
0000000000000000
0000000000000000
0000000000000000
0000000000000000
0000000000000000
0000000000000000
0011000100000000
0011001000000000
0011001100000000
0011010000000000
0100001110100000
0110000110000000
0110110110000000
0101001110000000
0101100000000000
0111001000000000
0000000000000010
0111101000000000
0000000000000011
0110001001100000
